c[00000]=-0.24933471010490585
c[00001]=2.2078189365668357
c[00010]=23.00121174644182
c[00011]=-23.874846929377956
c[00100]=-0.6976080850953775
c[00101]=-2.0496470441254204
c[00110]=-21.80382834716506
c[00111]=23.716328569920435
c[01000]=-0.0011269876832046752
c[01001]=-2.737840023849679
c[01010]=-46.50327741536117
c[01011]=47.30224429620281
c[01100]=1.4110771749621212
c[01101]=2.5509848595574995
c[01110]=45.09256004647704
c[01111]=-47.11498409357338
c[10000]=-0.0010291890815343349
c[10001]=-1.7072603537601827
c[10010]=3.3119570792047477
c[10011]=-2.437516885538301
c[10100]=10.455042950881095
c[10101]=-7.472189859405564
c[10110]=-14.267676884522333
c[10111]=12.118473754312012
c[11000]=0.0021469229748506246
c[11001]=2.736223556873169
c[11010]=-10.064786551375235
c[11011]=9.265133992334404
c[11100]=-13.04546519726694
c[11101]=8.171394450260474
c[11110]=23.11295392978464
c[11111]=-20.177038668410695
