c[00000]=-1.4789358031404907
c[00001]=1.2257334187700994
c[00010]=24.22585402590937
c[00011]=-25.054014244995184
c[00100]=2.425702209460917
c[00101]=-2.9612132486015734
c[00110]=-24.297418577953277
c[00111]=26.16360986982137
c[01000]=3.0917900220268675
c[01001]=-3.0872911252390263
c[01010]=-49.5852673234352
c[01011]=51.51460906830193
c[01100]=-4.500700611076701
c[01101]=5.718507730521838
c[01110]=50.099400614583985
c[01111]=-53.24916945407692
c[10000]=1.227008876899018
c[10001]=-1.2243236595562899
c[10010]=-31.408761116285696
c[10011]=34.08469884680567
c[10100]=-2.4194597720227193
c[10101]=3.6921722229703833
c[10110]=31.975878879509366
c[10111]=-35.92626287304296
c[11000]=-3.080975111237702
c[11001]=3.0768516475907615
c[11010]=-23.79072606228263
c[11011]=18.948541310922007
c[11100]=4.484375111266941
c[11101]=-6.616662049128663
c[11110]=23.282338119536096
c[11111]=-16.30598894116411