c[00000]=-1.0398426122027693
c[00001]=-0.12721194804690183
c[00010]=-45.89552265427698
c[00011]=48.25480080273554
c[00100]=2.7524390570010415
c[00101]=-2.00202190196325
c[00110]=45.64370396087932
c[00111]=-47.12901317554159
c[01000]=1.5709308424539954
c[01001]=1.1260819041846861
c[01010]=94.76269010979843
c[01011]=-99.18961697689389
c[01100]=-3.2347385968999074
c[01101]=1.738465485251289
c[01110]=-93.14815567217371
c[01111]=96.04289643679867
c[10000]=-1278.7681442057396
c[10001]=-52991.4060063488
c[10010]=-6720.3498619795655
c[10011]=-24087.571862255307
c[10100]=23813.431087437395
c[10101]=16391.912788543614
c[10110]=9995.726911184902
c[10111]=2934.307219036102
c[11000]=-15038.394008418509
c[11001]=-41906.56769122127
c[11010]=5568.1492308201005
c[11011]=5797.781470537995
c[11100]=-20325.01672189475
c[11101]=10145.237999069865
c[11110]=40828.88278789477
c[11111]=-23323.373678643307
c[20000]=1279.1267943174023
c[20001]=52990.91315931873
c[20010]=37117.00910506749
c[20011]=-6310.053273041455
c[20100]=-23790.01914512502
c[20101]=-16415.263812776546
c[20110]=-40415.642714870475
c[20111]=27486.392583421773
c[21000]=15037.732475861407
c[21001]=41906.79308539847
c[21010]=-66104.36440487862
c[21011]=54741.18478506068
c[21100]=20296.3814125039
c[21101]=-10116.45482332904
c[21110]=19734.740822403437
c[21111]=-37242.45599298777